825 2025 5000
825 2075 5000
825 2125 5000
825 2175 5000
825 2225 5000
825 2275 5000
825 2325 5000
825 2375 5000
825 2425 5000
825 2475 5000
825 2525 5000
825 2575 5000
825 2625 5000
825 2675 5000
825 2725 5000
825 2775 5000
825 2825 5000
825 2875 5000
825 2925 5000
825 2975 5000
825 3025 5000
875 2025 5000
875 2075 5000
875 2125 5000
875 2175 5000
875 2225 5000
875 2275 5000
875 2325 5000
875 2375 5000
875 2425 5000
875 2475 5000
875 2525 5000
875 2575 5000
875 2625 5000
875 2675 5000
875 2725 5000
875 2775 5000
875 2825 5000
875 2875 5000
875 2925 5000
875 2975 5000
875 3025 5000
925 2025 5000
925 2075 5000
925 2125 5000
925 2175 5000
925 2225 5000
925 2275 5000
925 2325 5000
925 2375 5000
925 2425 5000
925 2475 5000
925 2525 5000
925 2575 5000
925 2625 5000
925 2675 5000
925 2725 5000
925 2775 5000
925 2825 5000
925 2875 5000
925 2925 5000
925 2975 5000
925 3025 5000
975 2025 5000
975 2075 5000
975 2125 5000
975 2175 5000
975 2225 5000
975 2275 5000
975 2325 5000
975 2375 5000
975 2425 5000
975 2475 5000
975 2525 5000
975 2575 5000
975 2625 5000
975 2675 5000
975 2725 5000
975 2775 5000
975 2825 5000
975 2875 5000
975 2925 5000
975 2975 5000
975 3025 5000
1025 2025 5000
1025 2075 5000
1025 2125 5000
1025 2175 5000
1025 2225 5000
1025 2275 5000
1025 2325 5000
1025 2375 5000
1025 2425 5000
1025 2475 5000
1025 2525 5000
1025 2575 5000
1025 2625 5000
1025 2675 5000
1025 2725 5000
1025 2775 5000
1025 2825 5000
1025 2875 5000
1025 2925 5000
1025 2975 5000
1025 3025 5000
1075 2025 5000
1075 2075 5000
1075 2125 5000
1075 2175 5000
1075 2225 5000
1075 2275 5000
1075 2325 5000
1075 2375 5000
1075 2425 5000
1075 2475 5000
1075 2525 5000
1075 2575 5000
1075 2625 5000
1075 2675 5000
1075 2725 5000
1075 2775 5000
1075 2825 5000
1075 2875 5000
1075 2925 5000
1075 2975 5000
1075 3025 5000
1125 2025 5000
1125 2075 5000
1125 2125 5000
1125 2175 5000
1125 2225 5000
1125 2275 5000
1125 2325 5000
1125 2375 5000
1125 2425 5000
1125 2475 5000
1125 2525 5000
1125 2575 5000
1125 2625 5000
1125 2675 5000
1125 2725 5000
1125 2775 5000
1125 2825 5000
1125 2875 5000
1125 2925 5000
1125 2975 5000
1125 3025 5000
1175 2025 5000
1175 2075 5000
1175 2125 5000
1175 2175 5000
1175 2225 5000
1175 2275 5000
1175 2325 5000
1175 2375 5000
1175 2425 5000
1175 2475 5000
1175 2525 5000
1175 2575 5000
1175 2625 5000
1175 2675 5000
1175 2725 5000
1175 2775 5000
1175 2825 5000
1175 2875 5000
1175 2925 5000
1175 2975 5000
1175 3025 5000
1225 2025 5000
1225 2075 5000
1225 2125 5000
1225 2175 5000
1225 2225 5000
1225 2275 5000
1225 2325 5000
1225 2375 5000
1225 2425 5000
1225 2475 5000
1225 2525 5000
1225 2575 5000
1225 2625 5000
1225 2675 5000
1225 2725 5000
1225 2775 5000
1225 2825 5000
1225 2875 5000
1225 2925 5000
1225 2975 5000
1225 3025 5000
1275 2025 5000
1275 2075 5000
1275 2125 5000
1275 2175 5000
1275 2225 5000
1275 2275 5000
1275 2325 5000
1275 2375 5000
1275 2425 5000
1275 2475 5000
1275 2525 5000
1275 2575 5000
1275 2625 5000
1275 2675 5000
1275 2725 5000
1275 2775 5000
1275 2825 5000
1275 2875 5000
1275 2925 5000
1275 2975 5000
1275 3025 5000
1325 2025 5000
1325 2075 5000
1325 2125 5000
1325 2175 5000
1325 2225 5000
1325 2275 5000
1325 2325 5000
1325 2375 5000
1325 2425 5000
1325 2475 5000
1325 2525 5000
1325 2575 5000
1325 2625 5000
1325 2675 5000
1325 2725 5000
1325 2775 5000
1325 2825 5000
1325 2875 5000
1325 2925 5000
1325 2975 5000
1325 3025 5000
1375 2025 5000
1375 2075 5000
1375 2125 5000
1375 2175 5000
1375 2225 5000
1375 2275 5000
1375 2325 5000
1375 2375 5000
1375 2425 5000
1375 2475 5000
1375 2525 5000
1375 2575 5000
1375 2625 5000
1375 2675 5000
1375 2725 5000
1375 2775 5000
1375 2825 5000
1375 2875 5000
1375 2925 5000
1375 2975 5000
1375 3025 5000
1425 2025 5000
1425 2075 5000
1425 2125 5000
1425 2175 5000
1425 2225 5000
1425 2275 5000
1425 2325 5000
1425 2375 5000
1425 2425 5000
1425 2475 5000
1425 2525 5000
1425 2575 5000
1425 2625 5000
1425 2675 5000
1425 2725 5000
1425 2775 5000
1425 2825 5000
1425 2875 5000
1425 2925 5000
1425 2975 5000
1425 3025 5000
1475 2025 5000
1475 2075 5000
1475 2125 5000
1475 2175 5000
1475 2225 5000
1475 2275 5000
1475 2325 5000
1475 2375 5000
1475 2425 5000
1475 2475 5000
1475 2525 5000
1475 2575 5000
1475 2625 5000
1475 2675 5000
1475 2725 5000
1475 2775 5000
1475 2825 5000
1475 2875 5000
1475 2925 5000
1475 2975 5000
1475 3025 5000
1525 2025 5000
1525 2075 5000
1525 2125 5000
1525 2175 5000
1525 2225 5000
1525 2275 5000
1525 2325 5000
1525 2375 5000
1525 2425 5000
1525 2475 5000
1525 2525 5000
1525 2575 5000
1525 2625 5000
1525 2675 5000
1525 2725 5000
1525 2775 5000
1525 2825 5000
1525 2875 5000
1525 2925 5000
1525 2975 5000
1525 3025 5000
1575 2025 5000
1575 2075 5000
1575 2125 5000
1575 2175 5000
1575 2225 5000
1575 2275 5000
1575 2325 5000
1575 2375 5000
1575 2425 5000
1575 2475 5000
1575 2525 5000
1575 2575 5000
1575 2625 5000
1575 2675 5000
1575 2725 5000
1575 2775 5000
1575 2825 5000
1575 2875 5000
1575 2925 5000
1575 2975 5000
1575 3025 5000
1625 2025 5000
1625 2075 5000
1625 2125 5000
1625 2175 5000
1625 2225 5000
1625 2275 5000
1625 2325 5000
1625 2375 5000
1625 2425 5000
1625 2475 5000
1625 2525 5000
1625 2575 5000
1625 2625 5000
1625 2675 5000
1625 2725 5000
1625 2775 5000
1625 2825 5000
1625 2875 5000
1625 2925 5000
1625 2975 5000
1625 3025 5000
1675 2025 5000
1675 2075 5000
1675 2125 5000
1675 2175 5000
1675 2225 5000
1675 2275 5000
1675 2325 5000
1675 2375 5000
1675 2425 5000
1675 2475 5000
1675 2525 5000
1675 2575 5000
1675 2625 5000
1675 2675 5000
1675 2725 5000
1675 2775 5000
1675 2825 5000
1675 2875 5000
1675 2925 5000
1675 2975 5000
1675 3025 5000
1725 2025 5000
1725 2075 5000
1725 2125 5000
1725 2175 5000
1725 2225 5000
1725 2275 5000
1725 2325 5000
1725 2375 5000
1725 2425 5000
1725 2475 5000
1725 2525 5000
1725 2575 5000
1725 2625 5000
1725 2675 5000
1725 2725 5000
1725 2775 5000
1725 2825 5000
1725 2875 5000
1725 2925 5000
1725 2975 5000
1725 3025 5000
1775 2025 5000
1775 2075 5000
1775 2125 5000
1775 2175 5000
1775 2225 5000
1775 2275 5000
1775 2325 5000
1775 2375 5000
1775 2425 5000
1775 2475 5000
1775 2525 5000
1775 2575 5000
1775 2625 5000
1775 2675 5000
1775 2725 5000
1775 2775 5000
1775 2825 5000
1775 2875 5000
1775 2925 5000
1775 2975 5000
1775 3025 5000
1825 2025 5000
1825 2075 5000
1825 2125 5000
1825 2175 5000
1825 2225 5000
1825 2275 5000
1825 2325 5000
1825 2375 5000
1825 2425 5000
1825 2475 5000
1825 2525 5000
1825 2575 5000
1825 2625 5000
1825 2675 5000
1825 2725 5000
1825 2775 5000
1825 2825 5000
1825 2875 5000
1825 2925 5000
1825 2975 5000
1825 3025 5000
1875 2025 5000
1875 2075 5000
1875 2125 5000
1875 2175 5000
1875 2225 5000
1875 2275 5000
1875 2325 5000
1875 2375 5000
1875 2425 5000
1875 2475 5000
1875 2525 5000
1875 2575 5000
1875 2625 5000
1875 2675 5000
1875 2725 5000
1875 2775 5000
1875 2825 5000
1875 2875 5000
1875 2925 5000
1875 2975 5000
1875 3025 5000
1925 2025 5000
1925 2075 5000
1925 2125 5000
1925 2175 5000
1925 2225 5000
1925 2275 5000
1925 2325 5000
1925 2375 5000
1925 2425 5000
1925 2475 5000
1925 2525 5000
1925 2575 5000
1925 2625 5000
1925 2675 5000
1925 2725 5000
1925 2775 5000
1925 2825 5000
1925 2875 5000
1925 2925 5000
1925 2975 5000
1925 3025 5000
1975 2025 5000
1975 2075 5000
1975 2125 5000
1975 2175 5000
1975 2225 5000
1975 2275 5000
1975 2325 5000
1975 2375 5000
1975 2425 5000
1975 2475 5000
1975 2525 5000
1975 2575 5000
1975 2625 5000
1975 2675 5000
1975 2725 5000
1975 2775 5000
1975 2825 5000
1975 2875 5000
1975 2925 5000
1975 2975 5000
1975 3025 5000
2025 2025 5000
2025 2075 5000
2025 2125 5000
2025 2175 5000
2025 2225 5000
2025 2275 5000
2025 2325 5000
2025 2375 5000
2025 2425 5000
2025 2475 5000
2025 2525 5000
2025 2575 5000
2025 2625 5000
2025 2675 5000
2025 2725 5000
2025 2775 5000
2025 2825 5000
2025 2875 5000
2025 2925 5000
2025 2975 5000
2025 3025 5000
2075 2025 5000
2075 2075 5000
2075 2125 5000
2075 2175 5000
2075 2225 5000
2075 2275 5000
2075 2325 5000
2075 2375 5000
2075 2425 5000
2075 2475 5000
2075 2525 5000
2075 2575 5000
2075 2625 5000
2075 2675 5000
2075 2725 5000
2075 2775 5000
2075 2825 5000
2075 2875 5000
2075 2925 5000
2075 2975 5000
2075 3025 5000
2125 2025 5000
2125 2075 5000
2125 2125 5000
2125 2175 5000
2125 2225 5000
2125 2275 5000
2125 2325 5000
2125 2375 5000
2125 2425 5000
2125 2475 5000
2125 2525 5000
2125 2575 5000
2125 2625 5000
2125 2675 5000
2125 2725 5000
2125 2775 5000
2125 2825 5000
2125 2875 5000
2125 2925 5000
2125 2975 5000
2125 3025 5000
2175 2025 5000
2175 2075 5000
2175 2125 5000
2175 2175 5000
2175 2225 5000
2175 2275 5000
2175 2325 5000
2175 2375 5000
2175 2425 5000
2175 2475 5000
2175 2525 5000
2175 2575 5000
2175 2625 5000
2175 2675 5000
2175 2725 5000
2175 2775 5000
2175 2825 5000
2175 2875 5000
2175 2925 5000
2175 2975 5000
2175 3025 5000
2225 2025 5000
2225 2075 5000
2225 2125 5000
2225 2175 5000
2225 2225 5000
2225 2275 5000
2225 2325 5000
2225 2375 5000
2225 2425 5000
2225 2475 5000
2225 2525 5000
2225 2575 5000
2225 2625 5000
2225 2675 5000
2225 2725 5000
2225 2775 5000
2225 2825 5000
2225 2875 5000
2225 2925 5000
2225 2975 5000
2225 3025 5000
